epoch:1 train_loss:2.2742 global_acc:0.4418 class_acc:[0.592, 0.082, 0.017, 0.748, 0.6, 0.418, 0.06, 0.13, 0.265, 0.309, 0.212, 0.03] iou:[0.378, 0.074, 0.011, 0.739, 0.178, 0.175, 0.025, 0.029, 0.174, 0.041, 0.018, 0.025] mean_iou:0.1557
epoch:2 train_loss:1.8276 global_acc:0.5060 class_acc:[0.979, 0.161, 0.048, 0.717, 0.8, 0.197, 0.288, 0.033, 0.316, 0.643, 0.099, 0.024] iou:[0.638, 0.148, 0.02, 0.713, 0.201, 0.124, 0.055, 0.018, 0.244, 0.058, 0.022, 0.021] mean_iou:0.1885
epoch:3 train_loss:1.6030 global_acc:0.5394 class_acc:[0.964, 0.094, 0.047, 0.722, 0.658, 0.521, 0.296, 0.101, 0.531, 0.491, 0.358, 0.04] iou:[0.717, 0.091, 0.022, 0.721, 0.303, 0.232, 0.064, 0.047, 0.299, 0.088, 0.037, 0.034] mean_iou:0.2213
epoch:4 train_loss:1.4392 global_acc:0.6647 class_acc:[0.875, 0.326, 0.149, 0.891, 0.806, 0.646, 0.501, 0.209, 0.64, 0.452, 0.568, 0.212] iou:[0.84, 0.293, 0.039, 0.875, 0.332, 0.41, 0.09, 0.088, 0.522, 0.169, 0.262, 0.12] mean_iou:0.3366
epoch:5 train_loss:1.2840 global_acc:0.6767 class_acc:[0.924, 0.228, 0.165, 0.977, 0.367, 0.784, 0.386, 0.63, 0.638, 0.496, 0.83, 0.075] iou:[0.815, 0.218, 0.052, 0.876, 0.304, 0.446, 0.142, 0.083, 0.533, 0.18, 0.205, 0.058] mean_iou:0.3261
epoch:6 train_loss:1.1454 global_acc:0.7110 class_acc:[0.908, 0.373, 0.343, 0.928, 0.847, 0.754, 0.623, 0.64, 0.616, 0.754, 0.894, 0.14] iou:[0.865, 0.355, 0.094, 0.917, 0.508, 0.555, 0.123, 0.153, 0.561, 0.159, 0.139, 0.096] mean_iou:0.3770
epoch:7 train_loss:1.0000 global_acc:0.6964 class_acc:[0.865, 0.448, 0.427, 0.829, 0.817, 0.801, 0.522, 0.9, 0.65, 0.648, 0.918, 0.146] iou:[0.839, 0.421, 0.124, 0.825, 0.375, 0.511, 0.172, 0.121, 0.553, 0.281, 0.166, 0.102] mean_iou:0.3740
epoch:8 train_loss:0.8889 global_acc:0.7363 class_acc:[0.911, 0.449, 0.627, 0.834, 0.933, 0.78, 0.708, 0.82, 0.869, 0.88, 0.922, 0.257] iou:[0.881, 0.428, 0.116, 0.833, 0.411, 0.647, 0.256, 0.249, 0.684, 0.288, 0.323, 0.153] mean_iou:0.4391
epoch:9 train_loss:0.8239 global_acc:0.7914 class_acc:[0.926, 0.558, 0.634, 0.959, 0.898, 0.759, 0.728, 0.875, 0.787, 0.656, 0.879, 0.304] iou:[0.866, 0.527, 0.135, 0.925, 0.483, 0.642, 0.276, 0.314, 0.721, 0.364, 0.586, 0.214] mean_iou:0.5043
epoch:10 train_loss:0.7033 global_acc:0.7928 class_acc:[0.931, 0.571, 0.649, 0.952, 0.816, 0.669, 0.866, 0.955, 0.857, 0.892, 0.969, 0.347] iou:[0.89, 0.548, 0.188, 0.94, 0.629, 0.622, 0.266, 0.239, 0.756, 0.264, 0.3, 0.195] mean_iou:0.4864
epoch:11 train_loss:0.6652 global_acc:0.8106 class_acc:[0.863, 0.612, 0.683, 0.938, 0.883, 0.771, 0.874, 0.968, 0.908, 0.955, 0.958, 0.494] iou:[0.852, 0.591, 0.228, 0.931, 0.593, 0.661, 0.367, 0.296, 0.804, 0.341, 0.561, 0.247] mean_iou:0.5393
epoch:12 train_loss:0.5451 global_acc:0.8079 class_acc:[0.933, 0.74, 0.788, 0.769, 0.932, 0.847, 0.835, 0.944, 0.909, 0.944, 0.994, 0.513] iou:[0.901, 0.716, 0.231, 0.768, 0.386, 0.735, 0.527, 0.536, 0.735, 0.399, 0.214, 0.35] mean_iou:0.5414
epoch:13 train_loss:0.4909 global_acc:0.8327 class_acc:[0.912, 0.75, 0.858, 0.837, 0.924, 0.836, 0.903, 0.977, 0.929, 0.958, 0.991, 0.573] iou:[0.892, 0.722, 0.23, 0.836, 0.462, 0.744, 0.465, 0.525, 0.726, 0.472, 0.557, 0.42] mean_iou:0.5876
epoch:14 train_loss:0.4179 global_acc:0.8813 class_acc:[0.946, 0.787, 0.758, 0.931, 0.904, 0.849, 0.94, 0.97, 0.925, 0.977, 0.992, 0.694] iou:[0.906, 0.765, 0.357, 0.93, 0.661, 0.772, 0.509, 0.585, 0.83, 0.453, 0.556, 0.447] mean_iou:0.6478
epoch:15 train_loss:0.3745 global_acc:0.8321 class_acc:[0.888, 0.644, 0.888, 0.892, 0.943, 0.831, 0.963, 0.978, 0.936, 0.978, 0.983, 0.693] iou:[0.877, 0.623, 0.264, 0.891, 0.54, 0.759, 0.241, 0.656, 0.811, 0.456, 0.664, 0.485] mean_iou:0.6056
epoch:16 train_loss:0.3380 global_acc:0.8800 class_acc:[0.898, 0.769, 0.816, 0.929, 0.964, 0.925, 0.98, 0.984, 0.951, 0.965, 0.994, 0.642] iou:[0.886, 0.754, 0.383, 0.927, 0.584, 0.766, 0.424, 0.635, 0.865, 0.535, 0.656, 0.506] mean_iou:0.6601
epoch:17 train_loss:0.3168 global_acc:0.9131 class_acc:[0.93, 0.835, 0.897, 0.978, 0.908, 0.898, 0.963, 0.97, 0.938, 0.958, 0.993, 0.734] iou:[0.908, 0.814, 0.372, 0.967, 0.771, 0.813, 0.587, 0.763, 0.887, 0.602, 0.702, 0.559] mean_iou:0.7288
epoch:18 train_loss:0.2837 global_acc:0.9020 class_acc:[0.952, 0.83, 0.813, 0.915, 0.976, 0.911, 0.938, 0.968, 0.954, 0.946, 0.988, 0.785] iou:[0.919, 0.821, 0.438, 0.913, 0.557, 0.822, 0.637, 0.788, 0.868, 0.64, 0.726, 0.568] mean_iou:0.7249
epoch:19 train_loss:0.2678 global_acc:0.9212 class_acc:[0.955, 0.841, 0.921, 0.978, 0.903, 0.898, 0.966, 0.968, 0.961, 0.953, 0.998, 0.751] iou:[0.921, 0.831, 0.403, 0.967, 0.777, 0.827, 0.622, 0.806, 0.886, 0.644, 0.663, 0.596] mean_iou:0.7454
epoch:20 train_loss:0.2485 global_acc:0.9168 class_acc:[0.929, 0.867, 0.933, 0.946, 0.95, 0.933, 0.938, 0.981, 0.948, 0.973, 0.996, 0.752] iou:[0.911, 0.854, 0.387, 0.945, 0.709, 0.818, 0.706, 0.784, 0.877, 0.626, 0.681, 0.612] mean_iou:0.7425
epoch:21 train_loss:0.2413 global_acc:0.9251 class_acc:[0.926, 0.901, 0.946, 0.966, 0.976, 0.899, 0.928, 0.972, 0.935, 0.953, 0.995, 0.743] iou:[0.912, 0.877, 0.429, 0.961, 0.691, 0.831, 0.735, 0.799, 0.895, 0.661, 0.715, 0.601] mean_iou:0.7589
epoch:22 train_loss:0.2252 global_acc:0.9217 class_acc:[0.946, 0.895, 0.965, 0.945, 0.966, 0.892, 0.92, 0.986, 0.945, 0.969, 0.996, 0.767] iou:[0.921, 0.879, 0.409, 0.944, 0.699, 0.836, 0.744, 0.763, 0.875, 0.641, 0.66, 0.607] mean_iou:0.7481
epoch:23 train_loss:0.2173 global_acc:0.9097 class_acc:[0.927, 0.852, 0.943, 0.926, 0.968, 0.902, 0.97, 0.982, 0.963, 0.977, 0.995, 0.824] iou:[0.913, 0.844, 0.43, 0.925, 0.631, 0.823, 0.669, 0.772, 0.877, 0.624, 0.713, 0.6] mean_iou:0.7350
epoch:24 train_loss:0.2041 global_acc:0.9290 class_acc:[0.933, 0.862, 0.951, 0.973, 0.95, 0.934, 0.974, 0.99, 0.96, 0.97, 0.994, 0.797] iou:[0.917, 0.854, 0.455, 0.969, 0.791, 0.838, 0.699, 0.736, 0.913, 0.666, 0.758, 0.627] mean_iou:0.7686
epoch:25 train_loss:0.1948 global_acc:0.9288 class_acc:[0.92, 0.889, 0.958, 0.96, 0.935, 0.938, 0.955, 0.987, 0.964, 0.986, 0.998, 0.806] iou:[0.909, 0.876, 0.458, 0.958, 0.763, 0.837, 0.747, 0.802, 0.903, 0.63, 0.699, 0.64] mean_iou:0.7685
epoch:26 train_loss:0.1893 global_acc:0.9243 class_acc:[0.948, 0.846, 0.959, 0.964, 0.963, 0.892, 0.97, 0.985, 0.978, 0.985, 0.996, 0.826] iou:[0.924, 0.842, 0.416, 0.962, 0.795, 0.842, 0.675, 0.802, 0.887, 0.633, 0.745, 0.618] mean_iou:0.7618
epoch:27 train_loss:0.1842 global_acc:0.9372 class_acc:[0.965, 0.903, 0.948, 0.971, 0.951, 0.875, 0.973, 0.993, 0.947, 0.975, 0.997, 0.843] iou:[0.929, 0.889, 0.501, 0.968, 0.826, 0.844, 0.721, 0.754, 0.903, 0.688, 0.693, 0.653] mean_iou:0.7809
epoch:28 train_loss:0.1745 global_acc:0.9422 class_acc:[0.948, 0.91, 0.955, 0.971, 0.937, 0.944, 0.984, 0.986, 0.955, 0.981, 0.994, 0.82] iou:[0.929, 0.9, 0.525, 0.969, 0.817, 0.866, 0.698, 0.806, 0.91, 0.692, 0.76, 0.69] mean_iou:0.7968
epoch:29 train_loss:0.1701 global_acc:0.9398 class_acc:[0.954, 0.906, 0.938, 0.963, 0.969, 0.916, 0.977, 0.993, 0.974, 0.977, 0.997, 0.839] iou:[0.932, 0.897, 0.542, 0.961, 0.77, 0.858, 0.721, 0.782, 0.908, 0.701, 0.75, 0.692] mean_iou:0.7929
epoch:30 train_loss:0.1637 global_acc:0.9432 class_acc:[0.972, 0.898, 0.95, 0.971, 0.961, 0.904, 0.974, 0.991, 0.975, 0.98, 0.998, 0.851] iou:[0.937, 0.892, 0.54, 0.969, 0.815, 0.869, 0.756, 0.811, 0.913, 0.698, 0.743, 0.688] mean_iou:0.8025
epoch:31 train_loss:0.1560 global_acc:0.9444 class_acc:[0.947, 0.893, 0.942, 0.983, 0.949, 0.936, 0.989, 0.991, 0.968, 0.979, 0.997, 0.852] iou:[0.93, 0.886, 0.552, 0.978, 0.853, 0.878, 0.675, 0.823, 0.922, 0.697, 0.774, 0.686] mean_iou:0.8044
epoch:32 train_loss:0.1554 global_acc:0.9431 class_acc:[0.95, 0.909, 0.971, 0.968, 0.953, 0.922, 0.977, 0.989, 0.97, 0.987, 0.995, 0.864] iou:[0.933, 0.899, 0.516, 0.967, 0.817, 0.874, 0.753, 0.837, 0.914, 0.677, 0.775, 0.692] mean_iou:0.8045
epoch:33 train_loss:0.1518 global_acc:0.9283 class_acc:[0.961, 0.876, 0.939, 0.95, 0.969, 0.876, 0.982, 0.989, 0.97, 0.981, 0.995, 0.874] iou:[0.933, 0.868, 0.559, 0.949, 0.722, 0.848, 0.562, 0.832, 0.916, 0.701, 0.77, 0.635] mean_iou:0.7744
epoch:34 train_loss:0.1898 global_acc:0.9336 class_acc:[0.965, 0.872, 0.955, 0.963, 0.965, 0.929, 0.985, 0.984, 0.976, 0.986, 0.998, 0.771] iou:[0.935, 0.862, 0.504, 0.962, 0.794, 0.87, 0.533, 0.84, 0.901, 0.648, 0.689, 0.694] mean_iou:0.7695
epoch:35 train_loss:0.1676 global_acc:0.9480 class_acc:[0.944, 0.924, 0.948, 0.989, 0.927, 0.937, 0.985, 0.978, 0.94, 0.984, 0.999, 0.826] iou:[0.93, 0.908, 0.561, 0.975, 0.837, 0.873, 0.725, 0.861, 0.916, 0.7, 0.74, 0.718] mean_iou:0.8120
epoch:36 train_loss:0.1495 global_acc:0.9383 class_acc:[0.945, 0.942, 0.953, 0.967, 0.927, 0.947, 0.972, 0.986, 0.924, 0.983, 0.994, 0.69] iou:[0.928, 0.901, 0.526, 0.965, 0.8, 0.851, 0.738, 0.778, 0.895, 0.685, 0.767, 0.616] mean_iou:0.7876
epoch:37 train_loss:0.1575 global_acc:0.9504 class_acc:[0.955, 0.928, 0.929, 0.979, 0.95, 0.923, 0.988, 0.976, 0.96, 0.986, 0.999, 0.871] iou:[0.936, 0.913, 0.605, 0.975, 0.848, 0.879, 0.731, 0.871, 0.925, 0.701, 0.753, 0.712] mean_iou:0.8208
epoch:38 train_loss:0.1412 global_acc:0.9472 class_acc:[0.942, 0.924, 0.967, 0.965, 0.962, 0.963, 0.977, 0.993, 0.971, 0.982, 0.996, 0.839] iou:[0.93, 0.915, 0.571, 0.964, 0.82, 0.872, 0.777, 0.841, 0.914, 0.726, 0.763, 0.722] mean_iou:0.8179
epoch:39 train_loss:0.1400 global_acc:0.9504 class_acc:[0.965, 0.924, 0.957, 0.97, 0.93, 0.938, 0.989, 0.986, 0.973, 0.988, 0.999, 0.866] iou:[0.942, 0.916, 0.589, 0.968, 0.85, 0.889, 0.731, 0.864, 0.909, 0.711, 0.725, 0.728] mean_iou:0.8186
epoch:40 train_loss:0.1458 global_acc:0.9397 class_acc:[0.961, 0.908, 0.926, 0.961, 0.962, 0.915, 0.947, 0.843, 0.973, 0.912, 0.999, 0.868] iou:[0.936, 0.899, 0.569, 0.959, 0.781, 0.869, 0.771, 0.803, 0.885, 0.73, 0.654, 0.66] mean_iou:0.7929
epoch:41 train_loss:0.3244 global_acc:0.5893 class_acc:[0.999, 0.307, 0.307, 0.646, 0.174, 0.445, 0.693, 0.568, 0.794, 0.736, 0.377, 0.319] iou:[0.527, 0.286, 0.159, 0.617, 0.171, 0.407, 0.19, 0.407, 0.302, 0.245, 0.261, 0.222] mean_iou:0.3160
epoch:42 train_loss:0.9226 global_acc:0.8202 class_acc:[0.881, 0.64, 0.492, 0.936, 0.78, 0.863, 0.793, 0.829, 0.919, 0.918, 0.954, 0.472] iou:[0.871, 0.619, 0.297, 0.92, 0.623, 0.632, 0.269, 0.461, 0.708, 0.247, 0.465, 0.322] mean_iou:0.5361
epoch:43 train_loss:0.4935 global_acc:0.7774 class_acc:[0.93, 0.366, 0.894, 0.895, 0.943, 0.787, 0.906, 0.968, 0.882, 0.885, 0.975, 0.782] iou:[0.898, 0.362, 0.236, 0.893, 0.519, 0.726, 0.152, 0.601, 0.805, 0.558, 0.641, 0.39] mean_iou:0.5651
epoch:44 train_loss:0.3228 global_acc:0.9009 class_acc:[0.941, 0.846, 0.919, 0.957, 0.947, 0.809, 0.977, 0.983, 0.945, 0.972, 0.993, 0.678] iou:[0.916, 0.808, 0.342, 0.954, 0.725, 0.77, 0.447, 0.718, 0.876, 0.581, 0.689, 0.546] mean_iou:0.6975
epoch:45 train_loss:0.2391 global_acc:0.9273 class_acc:[0.949, 0.88, 0.911, 0.959, 0.966, 0.923, 0.968, 0.985, 0.962, 0.952, 0.999, 0.751] iou:[0.925, 0.866, 0.484, 0.956, 0.718, 0.834, 0.66, 0.764, 0.895, 0.665, 0.636, 0.644] mean_iou:0.7539
epoch:46 train_loss:0.2040 global_acc:0.9288 class_acc:[0.944, 0.859, 0.943, 0.964, 0.963, 0.932, 0.978, 0.989, 0.974, 0.975, 0.998, 0.799] iou:[0.924, 0.853, 0.471, 0.962, 0.769, 0.843, 0.645, 0.797, 0.897, 0.674, 0.722, 0.656] mean_iou:0.7678
epoch:47 train_loss:0.1790 global_acc:0.9325 class_acc:[0.953, 0.907, 0.964, 0.949, 0.973, 0.896, 0.969, 0.99, 0.96, 0.971, 0.998, 0.833] iou:[0.927, 0.893, 0.477, 0.948, 0.716, 0.853, 0.736, 0.825, 0.898, 0.711, 0.711, 0.674] mean_iou:0.7806
epoch:48 train_loss:0.1690 global_acc:0.9399 class_acc:[0.955, 0.887, 0.961, 0.975, 0.947, 0.929, 0.985, 0.99, 0.972, 0.988, 0.998, 0.812] iou:[0.931, 0.88, 0.497, 0.972, 0.828, 0.862, 0.689, 0.825, 0.912, 0.659, 0.752, 0.687] mean_iou:0.7913
epoch:49 train_loss:0.1584 global_acc:0.9419 class_acc:[0.961, 0.908, 0.956, 0.96, 0.967, 0.927, 0.965, 0.993, 0.972, 0.976, 0.999, 0.843] iou:[0.934, 0.898, 0.544, 0.959, 0.777, 0.868, 0.763, 0.832, 0.909, 0.723, 0.734, 0.702] mean_iou:0.8037
epoch:50 train_loss:0.1519 global_acc:0.9449 class_acc:[0.959, 0.905, 0.944, 0.972, 0.948, 0.92, 0.975, 0.992, 0.97, 0.986, 0.999, 0.88] iou:[0.936, 0.898, 0.579, 0.97, 0.834, 0.87, 0.756, 0.825, 0.919, 0.694, 0.753, 0.681] mean_iou:0.8096
epoch:51 train_loss:0.1363 global_acc:0.9495 class_acc:[0.948, 0.924, 0.957, 0.969, 0.97, 0.945, 0.987, 0.993, 0.977, 0.985, 0.999, 0.859] iou:[0.933, 0.915, 0.593, 0.967, 0.821, 0.881, 0.756, 0.854, 0.919, 0.739, 0.785, 0.732] mean_iou:0.8246
epoch:52 train_loss:0.1357 global_acc:0.9489 class_acc:[0.95, 0.92, 0.962, 0.972, 0.971, 0.938, 0.987, 0.993, 0.97, 0.986, 0.998, 0.87] iou:[0.933, 0.912, 0.583, 0.969, 0.821, 0.877, 0.745, 0.858, 0.926, 0.736, 0.791, 0.728] mean_iou:0.8231
epoch:53 train_loss:0.1298 global_acc:0.9501 class_acc:[0.955, 0.921, 0.968, 0.973, 0.973, 0.923, 0.984, 0.992, 0.98, 0.985, 0.999, 0.873] iou:[0.936, 0.913, 0.571, 0.971, 0.833, 0.881, 0.764, 0.87, 0.925, 0.748, 0.763, 0.726] mean_iou:0.8251
epoch:54 train_loss:0.1227 global_acc:0.9534 class_acc:[0.952, 0.929, 0.973, 0.974, 0.976, 0.945, 0.983, 0.993, 0.979, 0.987, 0.999, 0.861] iou:[0.936, 0.921, 0.588, 0.972, 0.834, 0.889, 0.789, 0.871, 0.929, 0.751, 0.795, 0.749] mean_iou:0.8353
epoch:55 train_loss:0.1230 global_acc:0.9523 class_acc:[0.961, 0.921, 0.962, 0.975, 0.951, 0.93, 0.986, 0.994, 0.978, 0.988, 0.998, 0.891] iou:[0.939, 0.914, 0.612, 0.972, 0.866, 0.889, 0.777, 0.865, 0.914, 0.742, 0.809, 0.724] mean_iou:0.8354
epoch:56 train_loss:0.1212 global_acc:0.9549 class_acc:[0.957, 0.929, 0.973, 0.978, 0.959, 0.937, 0.989, 0.989, 0.98, 0.99, 0.999, 0.876] iou:[0.938, 0.922, 0.59, 0.976, 0.866, 0.889, 0.775, 0.891, 0.932, 0.74, 0.794, 0.747] mean_iou:0.8384
epoch:57 train_loss:0.1174 global_acc:0.9552 class_acc:[0.953, 0.931, 0.968, 0.977, 0.964, 0.94, 0.989, 0.993, 0.98, 0.99, 0.999, 0.884] iou:[0.937, 0.923, 0.608, 0.975, 0.867, 0.892, 0.782, 0.873, 0.931, 0.744, 0.797, 0.745] mean_iou:0.8396
epoch:58 train_loss:0.1148 global_acc:0.9542 class_acc:[0.954, 0.928, 0.965, 0.971, 0.98, 0.949, 0.986, 0.995, 0.98, 0.987, 0.999, 0.88] iou:[0.938, 0.922, 0.624, 0.97, 0.83, 0.893, 0.791, 0.869, 0.928, 0.758, 0.799, 0.753] mean_iou:0.8396
epoch:59 train_loss:0.1137 global_acc:0.9559 class_acc:[0.961, 0.934, 0.976, 0.974, 0.974, 0.937, 0.985, 0.995, 0.978, 0.989, 0.999, 0.881] iou:[0.941, 0.927, 0.606, 0.973, 0.846, 0.896, 0.799, 0.87, 0.934, 0.753, 0.794, 0.751] mean_iou:0.8408
epoch:60 train_loss:0.1119 global_acc:0.9575 class_acc:[0.957, 0.94, 0.975, 0.975, 0.977, 0.947, 0.988, 0.995, 0.984, 0.989, 0.999, 0.86] iou:[0.94, 0.932, 0.616, 0.974, 0.85, 0.899, 0.803, 0.87, 0.932, 0.764, 0.81, 0.763] mean_iou:0.8460
epoch:61 train_loss:0.1102 global_acc:0.9514 class_acc:[0.959, 0.923, 0.976, 0.965, 0.971, 0.939, 0.987, 0.994, 0.978, 0.99, 1.0, 0.893] iou:[0.941, 0.917, 0.596, 0.965, 0.822, 0.896, 0.787, 0.873, 0.927, 0.739, 0.765, 0.734] mean_iou:0.8300
epoch:62 train_loss:0.1091 global_acc:0.9563 class_acc:[0.956, 0.931, 0.974, 0.977, 0.969, 0.937, 0.988, 0.993, 0.984, 0.994, 0.999, 0.894] iou:[0.94, 0.925, 0.622, 0.975, 0.869, 0.896, 0.797, 0.88, 0.933, 0.725, 0.807, 0.746] mean_iou:0.8430
epoch:63 train_loss:0.1081 global_acc:0.9584 class_acc:[0.964, 0.942, 0.979, 0.976, 0.975, 0.936, 0.987, 0.993, 0.979, 0.989, 0.998, 0.878] iou:[0.944, 0.933, 0.619, 0.974, 0.857, 0.9, 0.805, 0.881, 0.937, 0.762, 0.798, 0.762] mean_iou:0.8476
epoch:64 train_loss:0.1070 global_acc:0.9576 class_acc:[0.95, 0.936, 0.978, 0.978, 0.979, 0.961, 0.988, 0.993, 0.981, 0.99, 0.999, 0.857] iou:[0.937, 0.93, 0.623, 0.976, 0.852, 0.894, 0.802, 0.877, 0.94, 0.768, 0.817, 0.763] mean_iou:0.8482
epoch:65 train_loss:0.1049 global_acc:0.9595 class_acc:[0.957, 0.939, 0.972, 0.977, 0.981, 0.959, 0.989, 0.995, 0.975, 0.985, 0.999, 0.875] iou:[0.942, 0.932, 0.641, 0.976, 0.853, 0.902, 0.806, 0.873, 0.939, 0.779, 0.815, 0.773] mean_iou:0.8526
epoch:66 train_loss:0.1060 global_acc:0.9603 class_acc:[0.957, 0.949, 0.977, 0.978, 0.979, 0.944, 0.985, 0.993, 0.986, 0.988, 0.999, 0.868] iou:[0.942, 0.938, 0.641, 0.976, 0.857, 0.9, 0.824, 0.886, 0.935, 0.782, 0.825, 0.772] mean_iou:0.8567
epoch:67 train_loss:0.1038 global_acc:0.9597 class_acc:[0.953, 0.942, 0.964, 0.977, 0.98, 0.96, 0.991, 0.995, 0.978, 0.993, 0.998, 0.878] iou:[0.94, 0.934, 0.664, 0.975, 0.854, 0.9, 0.794, 0.88, 0.942, 0.763, 0.817, 0.776] mean_iou:0.8532
epoch:68 train_loss:0.1013 global_acc:0.9603 class_acc:[0.963, 0.94, 0.982, 0.978, 0.975, 0.946, 0.986, 0.992, 0.979, 0.992, 0.999, 0.887] iou:[0.945, 0.934, 0.628, 0.976, 0.863, 0.905, 0.814, 0.893, 0.943, 0.767, 0.807, 0.77] mean_iou:0.8538
epoch:69 train_loss:0.0999 global_acc:0.9609 class_acc:[0.959, 0.935, 0.98, 0.983, 0.975, 0.948, 0.986, 0.993, 0.979, 0.99, 0.999, 0.895] iou:[0.944, 0.931, 0.63, 0.981, 0.88, 0.903, 0.823, 0.887, 0.943, 0.777, 0.822, 0.771] mean_iou:0.8576
epoch:70 train_loss:0.1016 global_acc:0.9575 class_acc:[0.947, 0.939, 0.984, 0.992, 0.887, 0.938, 0.983, 0.992, 0.969, 0.989, 0.998, 0.896] iou:[0.935, 0.929, 0.594, 0.979, 0.846, 0.897, 0.835, 0.891, 0.941, 0.772, 0.828, 0.751] mean_iou:0.8497
epoch:71 train_loss:0.1021 global_acc:0.9578 class_acc:[0.961, 0.927, 0.975, 0.974, 0.976, 0.957, 0.981, 0.996, 0.981, 0.989, 0.999, 0.897] iou:[0.943, 0.924, 0.637, 0.973, 0.85, 0.901, 0.828, 0.876, 0.938, 0.775, 0.807, 0.764] mean_iou:0.8514
epoch:72 train_loss:0.0984 global_acc:0.9607 class_acc:[0.967, 0.934, 0.978, 0.981, 0.971, 0.937, 0.99, 0.989, 0.981, 0.989, 0.998, 0.909] iou:[0.946, 0.93, 0.633, 0.979, 0.884, 0.904, 0.807, 0.907, 0.945, 0.792, 0.838, 0.76] mean_iou:0.8603
epoch:73 train_loss:0.0967 global_acc:0.9612 class_acc:[0.966, 0.943, 0.971, 0.976, 0.978, 0.94, 0.99, 0.995, 0.984, 0.993, 0.999, 0.901] iou:[0.947, 0.937, 0.664, 0.975, 0.866, 0.907, 0.808, 0.885, 0.942, 0.762, 0.829, 0.772] mean_iou:0.8579
epoch:74 train_loss:0.0972 global_acc:0.9628 class_acc:[0.96, 0.949, 0.973, 0.979, 0.98, 0.951, 0.985, 0.994, 0.976, 0.992, 0.999, 0.9] iou:[0.944, 0.941, 0.669, 0.978, 0.867, 0.911, 0.835, 0.9, 0.946, 0.78, 0.821, 0.775] mean_iou:0.8637
epoch:75 train_loss:0.0956 global_acc:0.9619 class_acc:[0.961, 0.939, 0.975, 0.979, 0.977, 0.958, 0.991, 0.994, 0.98, 0.992, 0.999, 0.897] iou:[0.946, 0.935, 0.67, 0.977, 0.875, 0.91, 0.805, 0.895, 0.945, 0.773, 0.811, 0.777] mean_iou:0.8599
epoch:76 train_loss:0.0918 global_acc:0.9636 class_acc:[0.961, 0.946, 0.977, 0.981, 0.972, 0.955, 0.99, 0.993, 0.981, 0.995, 0.998, 0.895] iou:[0.946, 0.939, 0.667, 0.979, 0.885, 0.912, 0.829, 0.893, 0.944, 0.762, 0.833, 0.786] mean_iou:0.8647
epoch:77 train_loss:0.0923 global_acc:0.9629 class_acc:[0.96, 0.945, 0.981, 0.98, 0.982, 0.948, 0.987, 0.994, 0.982, 0.987, 0.996, 0.909] iou:[0.945, 0.939, 0.657, 0.978, 0.872, 0.911, 0.831, 0.895, 0.945, 0.801, 0.852, 0.779] mean_iou:0.8671
epoch:78 train_loss:0.0920 global_acc:0.9620 class_acc:[0.958, 0.939, 0.982, 0.979, 0.978, 0.962, 0.989, 0.993, 0.984, 0.991, 0.999, 0.896] iou:[0.944, 0.934, 0.652, 0.977, 0.877, 0.91, 0.83, 0.894, 0.943, 0.793, 0.826, 0.78] mean_iou:0.8634
epoch:79 train_loss:0.0907 global_acc:0.9646 class_acc:[0.964, 0.949, 0.984, 0.982, 0.974, 0.957, 0.993, 0.991, 0.982, 0.995, 0.999, 0.879] iou:[0.948, 0.941, 0.658, 0.98, 0.885, 0.914, 0.801, 0.91, 0.949, 0.772, 0.826, 0.796] mean_iou:0.8651
epoch:80 train_loss:0.0902 global_acc:0.9642 class_acc:[0.967, 0.947, 0.98, 0.979, 0.971, 0.951, 0.99, 0.993, 0.982, 0.995, 0.999, 0.902] iou:[0.95, 0.941, 0.669, 0.978, 0.883, 0.915, 0.826, 0.887, 0.946, 0.768, 0.844, 0.789] mean_iou:0.8663
epoch:81 train_loss:0.0894 global_acc:0.9648 class_acc:[0.972, 0.945, 0.979, 0.984, 0.977, 0.935, 0.993, 0.993, 0.986, 0.992, 0.999, 0.902] iou:[0.95, 0.939, 0.679, 0.982, 0.894, 0.91, 0.81, 0.904, 0.946, 0.791, 0.837, 0.787] mean_iou:0.8691
epoch:82 train_loss:0.0892 global_acc:0.9645 class_acc:[0.958, 0.946, 0.978, 0.984, 0.98, 0.954, 0.991, 0.997, 0.983, 0.993, 0.999, 0.901] iou:[0.946, 0.94, 0.675, 0.982, 0.888, 0.911, 0.823, 0.879, 0.95, 0.786, 0.841, 0.787] mean_iou:0.8675
epoch:83 train_loss:0.0913 global_acc:0.9623 class_acc:[0.969, 0.947, 0.965, 0.971, 0.976, 0.953, 0.993, 0.997, 0.981, 0.993, 0.998, 0.903] iou:[0.95, 0.942, 0.706, 0.97, 0.849, 0.915, 0.824, 0.876, 0.932, 0.784, 0.845, 0.787] mean_iou:0.8650
epoch:84 train_loss:0.0885 global_acc:0.9637 class_acc:[0.964, 0.95, 0.984, 0.976, 0.979, 0.953, 0.988, 0.993, 0.979, 0.994, 0.999, 0.904] iou:[0.949, 0.944, 0.674, 0.975, 0.866, 0.915, 0.837, 0.904, 0.946, 0.786, 0.81, 0.784] mean_iou:0.8659
epoch:85 train_loss:0.0874 global_acc:0.9635 class_acc:[0.964, 0.942, 0.983, 0.978, 0.976, 0.953, 0.989, 0.99, 0.987, 0.991, 0.999, 0.913] iou:[0.948, 0.938, 0.673, 0.977, 0.892, 0.916, 0.837, 0.921, 0.941, 0.798, 0.837, 0.773] mean_iou:0.8710
epoch:86 train_loss:0.0849 global_acc:0.9651 class_acc:[0.96, 0.947, 0.979, 0.981, 0.979, 0.964, 0.991, 0.991, 0.984, 0.995, 0.999, 0.899] iou:[0.947, 0.942, 0.681, 0.98, 0.885, 0.912, 0.829, 0.915, 0.949, 0.784, 0.825, 0.8] mean_iou:0.8707
epoch:87 train_loss:0.0858 global_acc:0.9672 class_acc:[0.97, 0.952, 0.98, 0.988, 0.967, 0.939, 0.99, 0.993, 0.978, 0.992, 0.999, 0.914] iou:[0.951, 0.944, 0.694, 0.985, 0.905, 0.913, 0.837, 0.909, 0.952, 0.799, 0.832, 0.791] mean_iou:0.8761
epoch:88 train_loss:0.0846 global_acc:0.9647 class_acc:[0.972, 0.942, 0.983, 0.986, 0.974, 0.932, 0.99, 0.992, 0.988, 0.991, 0.999, 0.908] iou:[0.951, 0.936, 0.665, 0.984, 0.899, 0.91, 0.816, 0.905, 0.948, 0.799, 0.836, 0.782] mean_iou:0.8693
epoch:89 train_loss:0.0858 global_acc:0.9631 class_acc:[0.955, 0.952, 0.982, 0.976, 0.981, 0.954, 0.991, 0.994, 0.986, 0.995, 0.999, 0.904] iou:[0.945, 0.943, 0.674, 0.975, 0.867, 0.911, 0.834, 0.9, 0.943, 0.774, 0.823, 0.792] mean_iou:0.8652
epoch:90 train_loss:0.0848 global_acc:0.9666 class_acc:[0.959, 0.956, 0.985, 0.983, 0.969, 0.959, 0.992, 0.993, 0.982, 0.995, 0.998, 0.903] iou:[0.947, 0.947, 0.68, 0.981, 0.903, 0.916, 0.834, 0.908, 0.951, 0.786, 0.853, 0.798] mean_iou:0.8754
epoch:91 train_loss:0.0845 global_acc:0.9657 class_acc:[0.964, 0.958, 0.984, 0.978, 0.973, 0.949, 0.989, 0.996, 0.982, 0.994, 0.999, 0.905] iou:[0.949, 0.949, 0.685, 0.977, 0.885, 0.917, 0.845, 0.901, 0.949, 0.788, 0.821, 0.787] mean_iou:0.8712
epoch:92 train_loss:0.0836 global_acc:0.9673 class_acc:[0.966, 0.957, 0.979, 0.98, 0.976, 0.953, 0.991, 0.992, 0.985, 0.991, 0.999, 0.911] iou:[0.951, 0.948, 0.705, 0.979, 0.894, 0.919, 0.843, 0.912, 0.947, 0.811, 0.823, 0.802] mean_iou:0.8779
epoch:93 train_loss:0.0848 global_acc:0.9673 class_acc:[0.964, 0.957, 0.985, 0.983, 0.978, 0.949, 0.99, 0.993, 0.983, 0.992, 0.998, 0.908] iou:[0.95, 0.948, 0.683, 0.981, 0.894, 0.917, 0.847, 0.915, 0.952, 0.813, 0.852, 0.799] mean_iou:0.8793
epoch:94 train_loss:0.0821 global_acc:0.9681 class_acc:[0.973, 0.953, 0.984, 0.985, 0.972, 0.944, 0.989, 0.995, 0.979, 0.993, 0.999, 0.918] iou:[0.952, 0.948, 0.694, 0.984, 0.909, 0.918, 0.851, 0.909, 0.952, 0.814, 0.841, 0.795] mean_iou:0.8806
epoch:95 train_loss:0.0806 global_acc:0.9679 class_acc:[0.969, 0.955, 0.985, 0.985, 0.98, 0.943, 0.989, 0.994, 0.984, 0.995, 0.999, 0.91] iou:[0.952, 0.949, 0.687, 0.983, 0.897, 0.915, 0.86, 0.915, 0.956, 0.806, 0.842, 0.796] mean_iou:0.8798
epoch:96 train_loss:0.0787 global_acc:0.9668 class_acc:[0.968, 0.948, 0.98, 0.98, 0.972, 0.959, 0.994, 0.995, 0.981, 0.991, 0.999, 0.924] iou:[0.952, 0.944, 0.705, 0.979, 0.899, 0.921, 0.826, 0.912, 0.95, 0.817, 0.845, 0.793] mean_iou:0.8788
epoch:97 train_loss:0.0793 global_acc:0.9685 class_acc:[0.974, 0.958, 0.982, 0.98, 0.976, 0.948, 0.992, 0.994, 0.987, 0.994, 0.999, 0.912] iou:[0.953, 0.952, 0.713, 0.979, 0.898, 0.922, 0.849, 0.918, 0.947, 0.814, 0.857, 0.808] mean_iou:0.8841
epoch:98 train_loss:0.0787 global_acc:0.9683 class_acc:[0.967, 0.95, 0.98, 0.984, 0.979, 0.958, 0.989, 0.997, 0.984, 0.992, 0.999, 0.916] iou:[0.952, 0.946, 0.708, 0.983, 0.898, 0.922, 0.86, 0.893, 0.955, 0.818, 0.852, 0.8] mean_iou:0.8822
epoch:99 train_loss:0.0792 global_acc:0.9688 class_acc:[0.969, 0.957, 0.977, 0.985, 0.984, 0.949, 0.992, 0.994, 0.984, 0.995, 0.999, 0.905] iou:[0.952, 0.95, 0.715, 0.983, 0.89, 0.92, 0.844, 0.916, 0.956, 0.8, 0.857, 0.807] mean_iou:0.8824
epoch:100 train_loss:0.0820 global_acc:0.9671 class_acc:[0.964, 0.951, 0.986, 0.984, 0.976, 0.966, 0.992, 0.994, 0.984, 0.995, 0.999, 0.886] iou:[0.95, 0.944, 0.684, 0.982, 0.901, 0.917, 0.833, 0.911, 0.952, 0.787, 0.855, 0.807] mean_iou:0.8768
epoch:101 train_loss:0.0773 global_acc:0.9696 class_acc:[0.97, 0.956, 0.988, 0.983, 0.982, 0.955, 0.992, 0.996, 0.988, 0.995, 1.0, 0.909] iou:[0.954, 0.951, 0.703, 0.982, 0.901, 0.925, 0.851, 0.918, 0.953, 0.816, 0.849, 0.818] mean_iou:0.8851
epoch:102 train_loss:0.0717 global_acc:0.9702 class_acc:[0.965, 0.959, 0.988, 0.984, 0.985, 0.956, 0.993, 0.996, 0.985, 0.995, 0.999, 0.921] iou:[0.952, 0.953, 0.712, 0.983, 0.9, 0.926, 0.865, 0.924, 0.958, 0.826, 0.868, 0.812] mean_iou:0.8899
epoch:103 train_loss:0.0710 global_acc:0.9710 class_acc:[0.969, 0.959, 0.984, 0.984, 0.987, 0.958, 0.992, 0.996, 0.983, 0.992, 0.999, 0.927] iou:[0.954, 0.954, 0.733, 0.983, 0.9, 0.927, 0.87, 0.923, 0.958, 0.845, 0.864, 0.815] mean_iou:0.8938
epoch:104 train_loss:0.0703 global_acc:0.9706 class_acc:[0.969, 0.961, 0.987, 0.981, 0.986, 0.961, 0.992, 0.997, 0.982, 0.993, 0.999, 0.924] iou:[0.954, 0.956, 0.722, 0.98, 0.895, 0.929, 0.872, 0.918, 0.955, 0.847, 0.863, 0.819] mean_iou:0.8924
epoch:105 train_loss:0.0693 global_acc:0.9716 class_acc:[0.968, 0.954, 0.987, 0.989, 0.978, 0.963, 0.993, 0.997, 0.984, 0.994, 1.0, 0.925] iou:[0.954, 0.95, 0.725, 0.986, 0.919, 0.929, 0.867, 0.919, 0.96, 0.839, 0.864, 0.818] mean_iou:0.8943
epoch:106 train_loss:0.0685 global_acc:0.9714 class_acc:[0.969, 0.958, 0.985, 0.984, 0.984, 0.964, 0.992, 0.996, 0.985, 0.995, 0.999, 0.926] iou:[0.954, 0.954, 0.737, 0.983, 0.906, 0.928, 0.875, 0.925, 0.957, 0.841, 0.864, 0.821] mean_iou:0.8954
epoch:107 train_loss:0.0675 global_acc:0.9717 class_acc:[0.971, 0.96, 0.986, 0.983, 0.985, 0.961, 0.994, 0.997, 0.985, 0.995, 1.0, 0.923] iou:[0.955, 0.955, 0.735, 0.982, 0.903, 0.931, 0.869, 0.921, 0.958, 0.836, 0.859, 0.823] mean_iou:0.8941
epoch:108 train_loss:0.0682 global_acc:0.9721 class_acc:[0.969, 0.961, 0.986, 0.985, 0.981, 0.96, 0.993, 0.996, 0.987, 0.996, 0.999, 0.925] iou:[0.955, 0.956, 0.732, 0.984, 0.912, 0.929, 0.872, 0.928, 0.959, 0.829, 0.876, 0.824] mean_iou:0.8962
epoch:109 train_loss:0.0671 global_acc:0.9726 class_acc:[0.974, 0.959, 0.986, 0.986, 0.983, 0.961, 0.995, 0.997, 0.984, 0.995, 1.0, 0.919] iou:[0.957, 0.954, 0.735, 0.985, 0.915, 0.931, 0.856, 0.918, 0.959, 0.838, 0.87, 0.83] mean_iou:0.8958
epoch:110 train_loss:0.0662 global_acc:0.9723 class_acc:[0.969, 0.959, 0.988, 0.986, 0.985, 0.963, 0.994, 0.996, 0.987, 0.997, 1.0, 0.921] iou:[0.955, 0.955, 0.736, 0.985, 0.913, 0.93, 0.867, 0.929, 0.96, 0.835, 0.873, 0.824] mean_iou:0.8969
epoch:111 train_loss:0.0670 global_acc:0.9711 class_acc:[0.966, 0.957, 0.988, 0.985, 0.983, 0.97, 0.995, 0.996, 0.981, 0.995, 1.0, 0.92] iou:[0.953, 0.953, 0.728, 0.984, 0.908, 0.927, 0.855, 0.928, 0.959, 0.835, 0.85, 0.824] mean_iou:0.8919
epoch:112 train_loss:0.0660 global_acc:0.9713 class_acc:[0.966, 0.958, 0.987, 0.984, 0.984, 0.964, 0.993, 0.997, 0.985, 0.995, 0.999, 0.931] iou:[0.953, 0.954, 0.729, 0.983, 0.909, 0.93, 0.867, 0.924, 0.96, 0.835, 0.891, 0.816] mean_iou:0.8958
epoch:113 train_loss:0.0661 global_acc:0.9722 class_acc:[0.971, 0.959, 0.99, 0.985, 0.984, 0.963, 0.992, 0.998, 0.983, 0.996, 1.0, 0.925] iou:[0.956, 0.955, 0.729, 0.984, 0.909, 0.932, 0.874, 0.917, 0.961, 0.834, 0.866, 0.824] mean_iou:0.8950
epoch:114 train_loss:0.0652 global_acc:0.9721 class_acc:[0.969, 0.96, 0.986, 0.983, 0.983, 0.966, 0.995, 0.997, 0.986, 0.995, 0.999, 0.927] iou:[0.955, 0.955, 0.742, 0.983, 0.906, 0.931, 0.864, 0.927, 0.958, 0.843, 0.878, 0.828] mean_iou:0.8975
epoch:115 train_loss:0.0653 global_acc:0.9724 class_acc:[0.968, 0.963, 0.986, 0.984, 0.983, 0.961, 0.994, 0.997, 0.987, 0.996, 0.999, 0.928] iou:[0.954, 0.958, 0.742, 0.983, 0.911, 0.932, 0.868, 0.928, 0.959, 0.842, 0.877, 0.824] mean_iou:0.8982
epoch:116 train_loss:0.0659 global_acc:0.9726 class_acc:[0.966, 0.964, 0.988, 0.984, 0.983, 0.964, 0.993, 0.997, 0.988, 0.995, 0.999, 0.926] iou:[0.954, 0.959, 0.736, 0.983, 0.912, 0.93, 0.879, 0.926, 0.959, 0.845, 0.872, 0.83] mean_iou:0.8986
epoch:117 train_loss:0.0656 global_acc:0.9728 class_acc:[0.97, 0.963, 0.982, 0.983, 0.985, 0.966, 0.994, 0.997, 0.987, 0.995, 0.999, 0.925] iou:[0.956, 0.958, 0.755, 0.982, 0.906, 0.932, 0.875, 0.926, 0.96, 0.842, 0.874, 0.828] mean_iou:0.8996
epoch:118 train_loss:0.0651 global_acc:0.9729 class_acc:[0.971, 0.96, 0.987, 0.986, 0.984, 0.96, 0.99, 0.997, 0.989, 0.995, 1.0, 0.929] iou:[0.956, 0.956, 0.743, 0.985, 0.914, 0.931, 0.886, 0.928, 0.96, 0.849, 0.863, 0.824] mean_iou:0.8996
epoch:119 train_loss:0.0643 global_acc:0.9725 class_acc:[0.967, 0.961, 0.984, 0.985, 0.982, 0.965, 0.994, 0.997, 0.987, 0.996, 0.999, 0.932] iou:[0.955, 0.956, 0.75, 0.984, 0.913, 0.931, 0.877, 0.929, 0.96, 0.834, 0.871, 0.823] mean_iou:0.8986
epoch:120 train_loss:0.0645 global_acc:0.9721 class_acc:[0.968, 0.965, 0.985, 0.982, 0.987, 0.962, 0.993, 0.998, 0.988, 0.995, 1.0, 0.925] iou:[0.955, 0.959, 0.746, 0.981, 0.896, 0.93, 0.885, 0.908, 0.959, 0.844, 0.851, 0.828] mean_iou:0.8953
epoch:121 train_loss:0.0647 global_acc:0.9722 class_acc:[0.962, 0.96, 0.988, 0.985, 0.987, 0.973, 0.994, 0.997, 0.989, 0.996, 1.0, 0.919] iou:[0.952, 0.956, 0.738, 0.984, 0.911, 0.927, 0.876, 0.931, 0.96, 0.835, 0.867, 0.833] mean_iou:0.8974
epoch:122 train_loss:0.0649 global_acc:0.9733 class_acc:[0.965, 0.966, 0.989, 0.985, 0.984, 0.966, 0.993, 0.996, 0.986, 0.993, 0.999, 0.928] iou:[0.954, 0.96, 0.738, 0.984, 0.914, 0.931, 0.882, 0.933, 0.962, 0.856, 0.888, 0.832] mean_iou:0.9029
epoch:123 train_loss:0.0641 global_acc:0.9731 class_acc:[0.968, 0.966, 0.986, 0.985, 0.984, 0.961, 0.993, 0.997, 0.988, 0.996, 1.0, 0.925] iou:[0.955, 0.96, 0.75, 0.984, 0.911, 0.93, 0.881, 0.918, 0.961, 0.835, 0.864, 0.83] mean_iou:0.8983
epoch:124 train_loss:0.0634 global_acc:0.9728 class_acc:[0.966, 0.964, 0.984, 0.985, 0.988, 0.962, 0.993, 0.997, 0.987, 0.996, 0.999, 0.932] iou:[0.954, 0.958, 0.753, 0.984, 0.908, 0.93, 0.877, 0.922, 0.961, 0.845, 0.888, 0.826] mean_iou:0.9005
epoch:125 train_loss:0.0639 global_acc:0.9726 class_acc:[0.968, 0.963, 0.988, 0.984, 0.988, 0.965, 0.993, 0.998, 0.985, 0.996, 1.0, 0.925] iou:[0.955, 0.958, 0.741, 0.983, 0.9, 0.933, 0.881, 0.918, 0.962, 0.844, 0.875, 0.827] mean_iou:0.8982
epoch:126 train_loss:0.0632 global_acc:0.9723 class_acc:[0.963, 0.965, 0.984, 0.983, 0.98, 0.966, 0.995, 0.997, 0.988, 0.997, 1.0, 0.934] iou:[0.953, 0.959, 0.753, 0.982, 0.915, 0.931, 0.871, 0.929, 0.959, 0.834, 0.869, 0.822] mean_iou:0.8980
epoch:127 train_loss:0.0626 global_acc:0.9730 class_acc:[0.971, 0.962, 0.989, 0.984, 0.985, 0.964, 0.994, 0.996, 0.987, 0.997, 1.0, 0.927] iou:[0.956, 0.958, 0.743, 0.983, 0.907, 0.934, 0.881, 0.933, 0.962, 0.835, 0.872, 0.829] mean_iou:0.8993
epoch:128 train_loss:0.0629 global_acc:0.9741 class_acc:[0.971, 0.962, 0.986, 0.986, 0.983, 0.969, 0.994, 0.997, 0.986, 0.997, 0.999, 0.928] iou:[0.957, 0.958, 0.761, 0.985, 0.919, 0.935, 0.879, 0.927, 0.962, 0.838, 0.883, 0.835] mean_iou:0.9032
epoch:129 train_loss:0.0631 global_acc:0.9729 class_acc:[0.969, 0.962, 0.985, 0.983, 0.988, 0.967, 0.993, 0.997, 0.987, 0.996, 1.0, 0.925] iou:[0.957, 0.958, 0.754, 0.982, 0.901, 0.933, 0.882, 0.924, 0.961, 0.838, 0.874, 0.832] mean_iou:0.8997
epoch:130 train_loss:0.0627 global_acc:0.9736 class_acc:[0.971, 0.96, 0.988, 0.985, 0.98, 0.968, 0.993, 0.993, 0.988, 0.995, 1.0, 0.931] iou:[0.957, 0.957, 0.748, 0.984, 0.919, 0.933, 0.883, 0.942, 0.961, 0.849, 0.874, 0.832] mean_iou:0.9033
epoch:131 train_loss:0.0619 global_acc:0.9730 class_acc:[0.969, 0.96, 0.987, 0.985, 0.986, 0.962, 0.995, 0.995, 0.99, 0.995, 1.0, 0.931] iou:[0.956, 0.956, 0.747, 0.984, 0.916, 0.932, 0.866, 0.936, 0.96, 0.847, 0.877, 0.829] mean_iou:0.9005
epoch:132 train_loss:0.0622 global_acc:0.9742 class_acc:[0.968, 0.963, 0.984, 0.986, 0.979, 0.967, 0.992, 0.998, 0.988, 0.994, 0.999, 0.941] iou:[0.956, 0.959, 0.764, 0.985, 0.924, 0.934, 0.896, 0.927, 0.962, 0.86, 0.893, 0.827] mean_iou:0.9073
epoch:133 train_loss:0.0614 global_acc:0.9743 class_acc:[0.964, 0.967, 0.987, 0.987, 0.984, 0.971, 0.994, 0.999, 0.986, 0.996, 0.999, 0.921] iou:[0.954, 0.961, 0.757, 0.986, 0.918, 0.933, 0.883, 0.916, 0.964, 0.842, 0.891, 0.836] mean_iou:0.9034
epoch:134 train_loss:0.0611 global_acc:0.9739 class_acc:[0.967, 0.964, 0.988, 0.985, 0.986, 0.971, 0.994, 0.994, 0.988, 0.997, 1.0, 0.926] iou:[0.955, 0.96, 0.752, 0.984, 0.917, 0.934, 0.881, 0.943, 0.96, 0.842, 0.867, 0.838] mean_iou:0.9028
epoch:135 train_loss:0.0606 global_acc:0.9733 class_acc:[0.969, 0.963, 0.987, 0.982, 0.987, 0.969, 0.994, 0.996, 0.986, 0.995, 0.999, 0.935] iou:[0.957, 0.959, 0.754, 0.981, 0.903, 0.935, 0.885, 0.936, 0.961, 0.851, 0.885, 0.833] mean_iou:0.9034
epoch:136 train_loss:0.0612 global_acc:0.9745 class_acc:[0.969, 0.965, 0.988, 0.987, 0.984, 0.964, 0.995, 0.997, 0.987, 0.995, 0.999, 0.931] iou:[0.956, 0.96, 0.756, 0.986, 0.923, 0.935, 0.876, 0.929, 0.964, 0.853, 0.881, 0.833] mean_iou:0.9043
epoch:137 train_loss:0.0620 global_acc:0.9736 class_acc:[0.971, 0.957, 0.987, 0.988, 0.983, 0.969, 0.994, 0.998, 0.985, 0.996, 0.999, 0.926] iou:[0.957, 0.954, 0.747, 0.986, 0.923, 0.933, 0.876, 0.92, 0.964, 0.843, 0.873, 0.831] mean_iou:0.9007
epoch:138 train_loss:0.0625 global_acc:0.9736 class_acc:[0.971, 0.964, 0.991, 0.985, 0.986, 0.964, 0.992, 0.997, 0.989, 0.995, 0.999, 0.921] iou:[0.957, 0.959, 0.732, 0.984, 0.912, 0.933, 0.878, 0.931, 0.962, 0.848, 0.878, 0.838] mean_iou:0.9010
epoch:139 train_loss:0.0620 global_acc:0.9736 class_acc:[0.965, 0.963, 0.988, 0.986, 0.984, 0.97, 0.994, 0.997, 0.99, 0.997, 1.0, 0.925] iou:[0.954, 0.959, 0.751, 0.985, 0.923, 0.931, 0.881, 0.93, 0.959, 0.832, 0.87, 0.838] mean_iou:0.9011
epoch:140 train_loss:0.0617 global_acc:0.9744 class_acc:[0.969, 0.966, 0.987, 0.986, 0.986, 0.965, 0.994, 0.997, 0.988, 0.994, 1.0, 0.933] iou:[0.957, 0.961, 0.76, 0.985, 0.918, 0.934, 0.885, 0.939, 0.962, 0.861, 0.868, 0.834] mean_iou:0.9054
epoch:141 train_loss:0.0604 global_acc:0.9744 class_acc:[0.975, 0.961, 0.985, 0.987, 0.985, 0.958, 0.994, 0.997, 0.987, 0.996, 0.999, 0.939] iou:[0.959, 0.958, 0.767, 0.986, 0.922, 0.934, 0.878, 0.932, 0.963, 0.851, 0.89, 0.831] mean_iou:0.9057
epoch:142 train_loss:0.0613 global_acc:0.9738 class_acc:[0.971, 0.96, 0.984, 0.986, 0.983, 0.964, 0.995, 0.997, 0.989, 0.997, 1.0, 0.936] iou:[0.957, 0.957, 0.767, 0.985, 0.922, 0.935, 0.875, 0.931, 0.96, 0.843, 0.876, 0.828] mean_iou:0.9030
epoch:143 train_loss:0.0599 global_acc:0.9750 class_acc:[0.972, 0.967, 0.985, 0.985, 0.985, 0.964, 0.995, 0.997, 0.987, 0.996, 1.0, 0.935] iou:[0.958, 0.962, 0.773, 0.984, 0.916, 0.936, 0.884, 0.933, 0.964, 0.855, 0.882, 0.837] mean_iou:0.9071
epoch:144 train_loss:0.0599 global_acc:0.9753 class_acc:[0.971, 0.966, 0.987, 0.987, 0.988, 0.966, 0.993, 0.998, 0.988, 0.994, 0.999, 0.933] iou:[0.958, 0.961, 0.768, 0.986, 0.918, 0.937, 0.892, 0.93, 0.964, 0.864, 0.884, 0.839] mean_iou:0.9085
epoch:145 train_loss:0.0593 global_acc:0.9747 class_acc:[0.973, 0.965, 0.991, 0.986, 0.99, 0.964, 0.993, 0.998, 0.988, 0.995, 0.999, 0.927] iou:[0.959, 0.961, 0.749, 0.985, 0.906, 0.937, 0.889, 0.93, 0.965, 0.863, 0.89, 0.841] mean_iou:0.9061
epoch:146 train_loss:0.0593 global_acc:0.9736 class_acc:[0.968, 0.964, 0.987, 0.983, 0.986, 0.965, 0.994, 0.997, 0.988, 0.995, 0.999, 0.942] iou:[0.956, 0.959, 0.757, 0.983, 0.914, 0.935, 0.882, 0.935, 0.959, 0.858, 0.892, 0.832] mean_iou:0.9051
epoch:147 train_loss:0.0588 global_acc:0.9749 class_acc:[0.971, 0.964, 0.986, 0.985, 0.988, 0.967, 0.994, 0.995, 0.99, 0.996, 1.0, 0.934] iou:[0.958, 0.96, 0.769, 0.985, 0.917, 0.937, 0.891, 0.944, 0.962, 0.859, 0.878, 0.838] mean_iou:0.9081
epoch:148 train_loss:0.0586 global_acc:0.9751 class_acc:[0.971, 0.966, 0.988, 0.985, 0.987, 0.965, 0.994, 0.997, 0.989, 0.996, 0.999, 0.935] iou:[0.958, 0.962, 0.77, 0.984, 0.918, 0.938, 0.886, 0.937, 0.963, 0.855, 0.892, 0.839] mean_iou:0.9085
epoch:149 train_loss:0.0592 global_acc:0.9748 class_acc:[0.973, 0.966, 0.989, 0.984, 0.988, 0.967, 0.995, 0.996, 0.987, 0.995, 1.0, 0.931] iou:[0.959, 0.962, 0.762, 0.983, 0.908, 0.938, 0.886, 0.941, 0.963, 0.865, 0.875, 0.84] mean_iou:0.9069
epoch:150 train_loss:0.0584 global_acc:0.9751 class_acc:[0.975, 0.962, 0.988, 0.986, 0.986, 0.966, 0.994, 0.997, 0.989, 0.996, 0.999, 0.933] iou:[0.96, 0.958, 0.763, 0.985, 0.917, 0.938, 0.882, 0.936, 0.963, 0.849, 0.896, 0.844] mean_iou:0.9077
epoch:151 train_loss:0.0574 global_acc:0.9761 class_acc:[0.969, 0.968, 0.991, 0.986, 0.988, 0.972, 0.994, 0.997, 0.989, 0.997, 1.0, 0.932] iou:[0.958, 0.963, 0.77, 0.985, 0.919, 0.938, 0.895, 0.943, 0.966, 0.862, 0.89, 0.85] mean_iou:0.9118
epoch:152 train_loss:0.0553 global_acc:0.9763 class_acc:[0.968, 0.968, 0.991, 0.987, 0.987, 0.969, 0.994, 0.997, 0.991, 0.997, 1.0, 0.936] iou:[0.958, 0.964, 0.771, 0.986, 0.926, 0.938, 0.895, 0.942, 0.965, 0.866, 0.894, 0.848] mean_iou:0.9127
epoch:153 train_loss:0.0552 global_acc:0.9759 class_acc:[0.97, 0.967, 0.993, 0.986, 0.987, 0.967, 0.995, 0.997, 0.99, 0.997, 1.0, 0.939] iou:[0.958, 0.963, 0.761, 0.985, 0.922, 0.939, 0.89, 0.943, 0.965, 0.866, 0.89, 0.847] mean_iou:0.9108
epoch:154 train_loss:0.0548 global_acc:0.9767 class_acc:[0.971, 0.967, 0.991, 0.988, 0.987, 0.968, 0.995, 0.997, 0.989, 0.997, 0.999, 0.94] iou:[0.959, 0.964, 0.771, 0.987, 0.929, 0.94, 0.898, 0.947, 0.967, 0.868, 0.904, 0.846] mean_iou:0.9150
epoch:155 train_loss:0.0548 global_acc:0.9761 class_acc:[0.972, 0.968, 0.992, 0.985, 0.988, 0.967, 0.995, 0.998, 0.991, 0.997, 1.0, 0.936] iou:[0.959, 0.964, 0.768, 0.985, 0.916, 0.94, 0.898, 0.943, 0.965, 0.861, 0.89, 0.849] mean_iou:0.9115
epoch:156 train_loss:0.0539 global_acc:0.9766 class_acc:[0.972, 0.968, 0.991, 0.986, 0.987, 0.97, 0.995, 0.997, 0.989, 0.997, 1.0, 0.939] iou:[0.96, 0.964, 0.774, 0.985, 0.925, 0.941, 0.899, 0.944, 0.966, 0.864, 0.898, 0.849] mean_iou:0.9140
epoch:157 train_loss:0.0537 global_acc:0.9768 class_acc:[0.974, 0.967, 0.99, 0.987, 0.988, 0.968, 0.996, 0.998, 0.989, 0.997, 1.0, 0.938] iou:[0.96, 0.964, 0.776, 0.986, 0.926, 0.941, 0.894, 0.939, 0.966, 0.866, 0.898, 0.85] mean_iou:0.9139
epoch:158 train_loss:0.0534 global_acc:0.9769 class_acc:[0.972, 0.968, 0.99, 0.987, 0.988, 0.969, 0.995, 0.998, 0.991, 0.997, 1.0, 0.937] iou:[0.96, 0.964, 0.78, 0.986, 0.926, 0.941, 0.898, 0.938, 0.966, 0.866, 0.895, 0.85] mean_iou:0.9142
epoch:159 train_loss:0.0529 global_acc:0.9772 class_acc:[0.973, 0.968, 0.989, 0.987, 0.987, 0.969, 0.995, 0.998, 0.989, 0.996, 0.999, 0.941] iou:[0.96, 0.965, 0.785, 0.986, 0.927, 0.942, 0.898, 0.938, 0.967, 0.872, 0.9, 0.851] mean_iou:0.9160
epoch:160 train_loss:0.0528 global_acc:0.9769 class_acc:[0.971, 0.97, 0.989, 0.986, 0.989, 0.969, 0.996, 0.998, 0.99, 0.996, 0.999, 0.941] iou:[0.959, 0.966, 0.783, 0.985, 0.922, 0.941, 0.899, 0.942, 0.966, 0.871, 0.902, 0.851] mean_iou:0.9156
epoch:161 train_loss:0.0536 global_acc:0.9766 class_acc:[0.97, 0.969, 0.991, 0.987, 0.987, 0.969, 0.995, 0.998, 0.991, 0.997, 1.0, 0.938] iou:[0.958, 0.965, 0.777, 0.986, 0.925, 0.94, 0.897, 0.938, 0.967, 0.867, 0.897, 0.847] mean_iou:0.9136
epoch:162 train_loss:0.0535 global_acc:0.9772 class_acc:[0.972, 0.967, 0.991, 0.989, 0.985, 0.967, 0.995, 0.997, 0.989, 0.997, 1.0, 0.943] iou:[0.959, 0.964, 0.776, 0.988, 0.935, 0.941, 0.899, 0.944, 0.969, 0.87, 0.893, 0.847] mean_iou:0.9155
epoch:163 train_loss:0.0531 global_acc:0.9767 class_acc:[0.973, 0.968, 0.991, 0.986, 0.986, 0.97, 0.996, 0.998, 0.989, 0.998, 1.0, 0.938] iou:[0.96, 0.964, 0.775, 0.985, 0.923, 0.942, 0.893, 0.939, 0.967, 0.859, 0.895, 0.85] mean_iou:0.9127
epoch:164 train_loss:0.0534 global_acc:0.9770 class_acc:[0.97, 0.969, 0.991, 0.987, 0.987, 0.97, 0.996, 0.998, 0.99, 0.997, 1.0, 0.937] iou:[0.959, 0.965, 0.775, 0.986, 0.927, 0.941, 0.893, 0.938, 0.967, 0.868, 0.898, 0.853] mean_iou:0.9142
epoch:165 train_loss:0.0527 global_acc:0.9770 class_acc:[0.972, 0.968, 0.991, 0.987, 0.99, 0.971, 0.995, 0.998, 0.989, 0.997, 1.0, 0.937] iou:[0.96, 0.964, 0.777, 0.986, 0.922, 0.942, 0.897, 0.943, 0.967, 0.872, 0.897, 0.854] mean_iou:0.9151
epoch:166 train_loss:0.0528 global_acc:0.9773 class_acc:[0.972, 0.969, 0.991, 0.987, 0.986, 0.971, 0.995, 0.998, 0.987, 0.997, 1.0, 0.941] iou:[0.96, 0.965, 0.782, 0.986, 0.929, 0.943, 0.901, 0.941, 0.968, 0.873, 0.901, 0.85] mean_iou:0.9166
epoch:167 train_loss:0.0532 global_acc:0.9768 class_acc:[0.973, 0.969, 0.992, 0.986, 0.987, 0.968, 0.995, 0.997, 0.989, 0.997, 0.999, 0.939] iou:[0.96, 0.965, 0.771, 0.985, 0.921, 0.942, 0.899, 0.944, 0.967, 0.87, 0.903, 0.85] mean_iou:0.9148
epoch:168 train_loss:0.0522 global_acc:0.9769 class_acc:[0.97, 0.966, 0.991, 0.988, 0.984, 0.973, 0.995, 0.998, 0.989, 0.997, 1.0, 0.942] iou:[0.959, 0.963, 0.773, 0.987, 0.933, 0.94, 0.898, 0.943, 0.968, 0.872, 0.9, 0.849] mean_iou:0.9155
epoch:169 train_loss:0.0529 global_acc:0.9772 class_acc:[0.973, 0.967, 0.991, 0.988, 0.986, 0.969, 0.996, 0.997, 0.989, 0.997, 1.0, 0.941] iou:[0.96, 0.964, 0.777, 0.987, 0.934, 0.942, 0.892, 0.946, 0.966, 0.871, 0.893, 0.85] mean_iou:0.9151
epoch:170 train_loss:0.0526 global_acc:0.9773 class_acc:[0.972, 0.969, 0.99, 0.987, 0.988, 0.971, 0.995, 0.997, 0.99, 0.997, 1.0, 0.941] iou:[0.96, 0.965, 0.784, 0.986, 0.926, 0.942, 0.899, 0.947, 0.967, 0.871, 0.901, 0.854] mean_iou:0.9169
epoch:171 train_loss:0.0522 global_acc:0.9774 class_acc:[0.972, 0.97, 0.991, 0.987, 0.987, 0.968, 0.995, 0.998, 0.99, 0.997, 1.0, 0.944] iou:[0.96, 0.966, 0.785, 0.986, 0.929, 0.942, 0.902, 0.946, 0.968, 0.874, 0.898, 0.85] mean_iou:0.9172
epoch:172 train_loss:0.0523 global_acc:0.9775 class_acc:[0.972, 0.968, 0.991, 0.988, 0.989, 0.971, 0.995, 0.998, 0.989, 0.996, 1.0, 0.942] iou:[0.96, 0.965, 0.781, 0.987, 0.926, 0.942, 0.903, 0.946, 0.968, 0.878, 0.902, 0.854] mean_iou:0.9178
epoch:173 train_loss:0.0523 global_acc:0.9779 class_acc:[0.97, 0.971, 0.991, 0.988, 0.986, 0.97, 0.996, 0.998, 0.991, 0.997, 1.0, 0.942] iou:[0.959, 0.966, 0.781, 0.988, 0.936, 0.942, 0.899, 0.951, 0.968, 0.877, 0.9, 0.857] mean_iou:0.9186
epoch:174 train_loss:0.0518 global_acc:0.9767 class_acc:[0.969, 0.968, 0.991, 0.987, 0.988, 0.972, 0.996, 0.998, 0.99, 0.997, 1.0, 0.941] iou:[0.958, 0.964, 0.776, 0.986, 0.924, 0.941, 0.896, 0.944, 0.967, 0.873, 0.89, 0.851] mean_iou:0.9143
epoch:175 train_loss:0.0517 global_acc:0.9776 class_acc:[0.972, 0.97, 0.99, 0.987, 0.987, 0.968, 0.995, 0.998, 0.99, 0.997, 1.0, 0.945] iou:[0.96, 0.966, 0.787, 0.987, 0.93, 0.942, 0.907, 0.945, 0.968, 0.874, 0.895, 0.852] mean_iou:0.9176
epoch:176 train_loss:0.0513 global_acc:0.9775 class_acc:[0.972, 0.969, 0.991, 0.987, 0.987, 0.971, 0.996, 0.999, 0.99, 0.997, 1.0, 0.942] iou:[0.96, 0.965, 0.783, 0.986, 0.93, 0.943, 0.899, 0.94, 0.967, 0.874, 0.903, 0.854] mean_iou:0.9170
epoch:177 train_loss:0.0517 global_acc:0.9776 class_acc:[0.973, 0.969, 0.991, 0.987, 0.99, 0.969, 0.995, 0.998, 0.99, 0.997, 1.0, 0.94] iou:[0.961, 0.966, 0.783, 0.987, 0.926, 0.942, 0.898, 0.946, 0.968, 0.874, 0.905, 0.856] mean_iou:0.9177
epoch:178 train_loss:0.0515 global_acc:0.9776 class_acc:[0.97, 0.969, 0.99, 0.987, 0.99, 0.973, 0.994, 0.998, 0.99, 0.997, 1.0, 0.943] iou:[0.959, 0.966, 0.789, 0.987, 0.925, 0.942, 0.912, 0.945, 0.968, 0.879, 0.895, 0.853] mean_iou:0.9183
epoch:179 train_loss:0.0509 global_acc:0.9781 class_acc:[0.973, 0.97, 0.992, 0.988, 0.988, 0.97, 0.996, 0.998, 0.991, 0.998, 1.0, 0.939] iou:[0.961, 0.966, 0.786, 0.987, 0.93, 0.943, 0.903, 0.943, 0.968, 0.866, 0.897, 0.858] mean_iou:0.9175
epoch:180 train_loss:0.0512 global_acc:0.9780 class_acc:[0.974, 0.97, 0.991, 0.988, 0.988, 0.967, 0.994, 0.998, 0.989, 0.997, 1.0, 0.946] iou:[0.961, 0.966, 0.786, 0.987, 0.933, 0.943, 0.908, 0.946, 0.969, 0.877, 0.9, 0.852] mean_iou:0.9191
epoch:181 train_loss:0.0510 global_acc:0.9781 class_acc:[0.972, 0.969, 0.991, 0.988, 0.988, 0.972, 0.995, 0.998, 0.99, 0.998, 1.0, 0.94] iou:[0.961, 0.966, 0.787, 0.987, 0.931, 0.943, 0.905, 0.943, 0.969, 0.869, 0.902, 0.858] mean_iou:0.9184
epoch:182 train_loss:0.0513 global_acc:0.9780 class_acc:[0.972, 0.969, 0.992, 0.989, 0.988, 0.972, 0.995, 0.997, 0.99, 0.997, 1.0, 0.94] iou:[0.96, 0.966, 0.781, 0.988, 0.931, 0.943, 0.903, 0.95, 0.969, 0.877, 0.899, 0.857] mean_iou:0.9187
epoch:183 train_loss:0.0514 global_acc:0.9774 class_acc:[0.972, 0.968, 0.991, 0.988, 0.988, 0.969, 0.996, 0.997, 0.989, 0.998, 1.0, 0.945] iou:[0.96, 0.964, 0.782, 0.987, 0.931, 0.942, 0.896, 0.949, 0.969, 0.868, 0.899, 0.85] mean_iou:0.9165
epoch:184 train_loss:0.0510 global_acc:0.9781 class_acc:[0.973, 0.971, 0.99, 0.987, 0.989, 0.97, 0.995, 0.998, 0.99, 0.997, 1.0, 0.941] iou:[0.961, 0.967, 0.79, 0.986, 0.927, 0.943, 0.906, 0.946, 0.969, 0.878, 0.9, 0.857] mean_iou:0.9192
epoch:185 train_loss:0.0510 global_acc:0.9778 class_acc:[0.973, 0.969, 0.991, 0.988, 0.989, 0.967, 0.996, 0.998, 0.991, 0.997, 1.0, 0.943] iou:[0.961, 0.966, 0.788, 0.987, 0.929, 0.943, 0.901, 0.948, 0.968, 0.87, 0.901, 0.852] mean_iou:0.9179
epoch:186 train_loss:0.0504 global_acc:0.9777 class_acc:[0.973, 0.97, 0.992, 0.987, 0.989, 0.97, 0.995, 0.998, 0.992, 0.998, 1.0, 0.939] iou:[0.961, 0.966, 0.779, 0.987, 0.927, 0.943, 0.903, 0.946, 0.968, 0.87, 0.897, 0.858] mean_iou:0.9170
epoch:187 train_loss:0.0509 global_acc:0.9780 class_acc:[0.973, 0.972, 0.992, 0.986, 0.989, 0.969, 0.996, 0.998, 0.99, 0.997, 1.0, 0.942] iou:[0.961, 0.968, 0.784, 0.986, 0.924, 0.943, 0.906, 0.946, 0.969, 0.877, 0.907, 0.858] mean_iou:0.9192
epoch:188 train_loss:0.0505 global_acc:0.9772 class_acc:[0.973, 0.969, 0.992, 0.986, 0.989, 0.969, 0.995, 0.998, 0.99, 0.997, 1.0, 0.945] iou:[0.961, 0.966, 0.777, 0.985, 0.925, 0.942, 0.904, 0.94, 0.966, 0.877, 0.895, 0.852] mean_iou:0.9159
epoch:189 train_loss:0.0502 global_acc:0.9788 class_acc:[0.974, 0.972, 0.992, 0.989, 0.99, 0.972, 0.996, 0.997, 0.988, 0.997, 1.0, 0.938] iou:[0.962, 0.968, 0.79, 0.987, 0.93, 0.945, 0.904, 0.954, 0.97, 0.885, 0.901, 0.862] mean_iou:0.9216
epoch:190 train_loss:0.0504 global_acc:0.9779 class_acc:[0.97, 0.971, 0.991, 0.987, 0.989, 0.972, 0.995, 0.998, 0.991, 0.995, 1.0, 0.945] iou:[0.96, 0.967, 0.786, 0.986, 0.928, 0.942, 0.909, 0.944, 0.968, 0.89, 0.903, 0.857] mean_iou:0.9201
epoch:191 train_loss:0.0505 global_acc:0.9784 class_acc:[0.972, 0.971, 0.991, 0.988, 0.988, 0.972, 0.996, 0.999, 0.99, 0.997, 1.0, 0.943] iou:[0.961, 0.968, 0.791, 0.987, 0.932, 0.943, 0.902, 0.94, 0.969, 0.88, 0.907, 0.861] mean_iou:0.9200
epoch:192 train_loss:0.0499 global_acc:0.9787 class_acc:[0.973, 0.97, 0.994, 0.99, 0.988, 0.973, 0.995, 0.997, 0.989, 0.996, 1.0, 0.939] iou:[0.961, 0.966, 0.776, 0.989, 0.935, 0.944, 0.904, 0.951, 0.971, 0.882, 0.896, 0.863] mean_iou:0.9199
epoch:193 train_loss:0.0499 global_acc:0.9786 class_acc:[0.975, 0.97, 0.992, 0.989, 0.989, 0.969, 0.996, 0.997, 0.99, 0.997, 1.0, 0.941] iou:[0.962, 0.967, 0.783, 0.988, 0.932, 0.944, 0.908, 0.953, 0.97, 0.882, 0.897, 0.86] mean_iou:0.9204
epoch:194 train_loss:0.0498 global_acc:0.9781 class_acc:[0.972, 0.971, 0.99, 0.987, 0.989, 0.971, 0.995, 0.998, 0.989, 0.997, 1.0, 0.948] iou:[0.961, 0.967, 0.794, 0.986, 0.93, 0.943, 0.912, 0.944, 0.969, 0.881, 0.902, 0.854] mean_iou:0.9202
epoch:195 train_loss:0.0499 global_acc:0.9783 class_acc:[0.973, 0.97, 0.991, 0.988, 0.988, 0.972, 0.996, 0.999, 0.989, 0.998, 1.0, 0.942] iou:[0.962, 0.966, 0.791, 0.987, 0.93, 0.944, 0.899, 0.944, 0.97, 0.875, 0.902, 0.859] mean_iou:0.9191
epoch:196 train_loss:0.0495 global_acc:0.9776 class_acc:[0.97, 0.969, 0.991, 0.987, 0.988, 0.972, 0.997, 0.998, 0.99, 0.997, 1.0, 0.947] iou:[0.96, 0.966, 0.784, 0.986, 0.929, 0.943, 0.895, 0.95, 0.969, 0.879, 0.909, 0.854] mean_iou:0.9187
epoch:197 train_loss:0.0499 global_acc:0.9788 class_acc:[0.974, 0.971, 0.989, 0.988, 0.988, 0.969, 0.996, 0.998, 0.991, 0.998, 1.0, 0.946] iou:[0.962, 0.967, 0.799, 0.988, 0.935, 0.945, 0.908, 0.944, 0.969, 0.877, 0.909, 0.859] mean_iou:0.9218
epoch:198 train_loss:0.0496 global_acc:0.9775 class_acc:[0.973, 0.969, 0.992, 0.986, 0.987, 0.971, 0.996, 0.998, 0.989, 0.997, 1.0, 0.949] iou:[0.961, 0.966, 0.786, 0.985, 0.931, 0.944, 0.904, 0.949, 0.967, 0.881, 0.897, 0.851] mean_iou:0.9185
epoch:199 train_loss:0.0491 global_acc:0.9785 class_acc:[0.974, 0.969, 0.991, 0.988, 0.987, 0.972, 0.996, 0.998, 0.99, 0.998, 1.0, 0.946] iou:[0.962, 0.966, 0.793, 0.988, 0.935, 0.945, 0.904, 0.95, 0.97, 0.877, 0.906, 0.858] mean_iou:0.9210
epoch:200 train_loss:0.0493 global_acc:0.9790 class_acc:[0.973, 0.971, 0.99, 0.989, 0.989, 0.972, 0.996, 0.998, 0.989, 0.997, 1.0, 0.946] iou:[0.962, 0.968, 0.799, 0.988, 0.934, 0.945, 0.903, 0.949, 0.971, 0.885, 0.901, 0.86] mean_iou:0.9220

Process finished with exit code 0
